   8.8200000e-02   0.0000000e+00   1.2000000e-03   1.0000000e-04   8.0000000e-04   3.6000000e-03   1.2000000e-03   4.0000000e-04   1.6000000e-03   9.0000000e-04
   0.0000000e+00   1.0740000e-01   1.1000000e-03   1.1000000e-03   1.0000000e-04   9.0000000e-04   9.0000000e-04   9.0000000e-04   1.1000000e-03   0.0000000e+00
   3.2000000e-03   2.8000000e-03   7.3100000e-02   1.4000000e-03   2.8000000e-03   1.4000000e-03   6.4000000e-03   8.2000000e-03   3.3000000e-03   6.0000000e-04
   1.6000000e-03   4.0000000e-04   3.9000000e-03   5.4000000e-02   7.7000000e-03   2.0200000e-02   1.2000000e-03   2.2000000e-03   6.2000000e-03   3.6000000e-03
   7.0000000e-04   6.0000000e-04   2.2000000e-03   1.0000000e-04   7.1500000e-02   2.5000000e-03   2.7000000e-03   5.0000000e-04   2.9000000e-03   1.4500000e-02
   3.2000000e-03   2.2000000e-03   9.0000000e-04   7.7000000e-03   4.6000000e-03   6.0700000e-02   3.2000000e-03   8.0000000e-04   3.4000000e-03   2.5000000e-03
   2.8000000e-03   4.0000000e-04   3.1000000e-03   1.6000000e-03   6.9000000e-03   2.2000000e-03   7.3800000e-02   4.0000000e-04   2.5000000e-03   2.1000000e-03
   8.0000000e-04   1.1000000e-03   4.0000000e-03   1.4000000e-03   4.0000000e-03   7.0000000e-04   4.0000000e-04   8.2700000e-02   1.0000000e-03   6.7000000e-03
   8.0000000e-04   4.2000000e-03   3.8000000e-03   1.4000000e-03   6.0000000e-03   1.6000000e-03   5.7000000e-03   4.0000000e-04   7.1000000e-02   2.5000000e-03
   8.0000000e-04   1.4000000e-03   1.0000000e-03   9.0000000e-04   9.7000000e-03   5.1000000e-03   2.1000000e-03   1.5000000e-03   4.1000000e-03   7.4300000e-02
